381

11220202 622202, 1110802101 Pii 111102, 7. 89, 92,
96, 207, 222, 226, 226, 228, 229, 220,
222, 222, 223, 225, 226, 262, 267.

11220202 6222202, rex suavorum, 111102 Hludo·
2101, regis Noricorum, Francorum rex, im·
7022102, 7. 227, 229, 230.

11220202 82272222, p. 230, 236, 237, 260.

1122222022, 11002 01120 Rhenum, p. 225.

“ 11222222,10002, p. 235, 263, 219. ’

11222222 22 622220, 2172022110 subiici 211122,
22702 ssuv· 6701002, p. 69.

62202222, presbyter 0226102112 S. 112212 12002
Tiberim, tituli (1211211, 7366.

6222222202, 2121222 sithiensis, p. 269, 220,
222,“226, 227 , 223, 226, 226, 228,229,
230, 232, 232, 233, 236, 238, 260, 262,
262, 213, 266, 268, 219, 250, 252, 252,
255, 256, 258, 260, 262, 266, 266, 268,
272 , 273, 276, 275, 276, 277, 280, 282,
282, 286, 286, 289, 290, 292, 296, 302,
301, 322, 326, 323, 330, 315, 367.

6222222202, 110700100212 0121202, p. 203.

6222222202, 6112262100212 071100722,7. 222.

6222222202, Το202000212022110110210200021022
episcopus, p. 229, 230, 239, 255, 293,
295.

622222202,Το200000212 archidiaconus, 7. 226.

. 6222222202, ministerialis de Poperiughem,

Liiuiiiiis, ’1220202οι12 2001221002012181000-
002, 7. 365.

, 6222222222, p. 80, 262.

62202222202, 2200201202, 00102122, p. 26.

62202222222202, p. 267.

6222220222, p. 217.

620222 siue Lunum, 71202212, p. 229, 322,
326.

622022002, 10002, 7.· ι 26.

62222222222 palatium, p. 252, 253, 259,
263, 293, 320,323,326,327, 320, 369,
352, 352, 353.. ,

6202222222 0000121020, p. 307.

62002202202 2120 62022202222, 21112 10 pugo
Το20202021, 7. 28, 20, 22.

6202222222, 10222 21122 20722 fluv. 77221002,
7. 275.

62002202, 2121222, p. 287.

6222, fluvius, p. 92.

INDEX GENERALIS.

11222222, 10002 ubi 221 20012210, 7. 97,-11112,
7. 226,’295.-602112, p. 310.

1122222002 , 10002, p. 256.

11220222,10002, 7. 286, 339.

1122222202, 780, 262, 265. ¹

1122022002 siue 1122222002, 7. 80, 262, 266.

11222222202,0121122 , p. 203.

1122220222, villu, p. 369.

110222 (ecclesia (10), 7. 213.

1120222222, iocus. 7. 221.

620 7272111, 7. 68.

620 7272111, 72. 280.

620221 6202202, sithiensis 2121222, p. 275, 305,
307, 309, 320,326, 325, 326,328,319,
320, 322,323, 326, 325, 327, 328, 329,
330, 332, 332, 333, 336, 312, 363. 3162
357, 362.

6200202220 20010212, p. 308.

6200222022 2220210022, 22722 fluuio 0220112,
10 pago Turuuueuue, p. 69.

6202202, 00122102, p. 355, 356.

62022, 10002, p. 282, 283.

6222020202 cimiterium de 82012029 , 7. 331.

62000222, p. 252. ,

622022202222, 21112, p. 9ο.

62222,10022,7. 368.

62002200212271102 quarumdam 2220222 702222-

210012 200 11112101οο, 26621120002210211 81· ,

16100212, 7). 226, 225.
6222020, 10002, 7. 216.
62202202120010212 (12), 10 Tomuuumi 72220-
01210,7. 262, 295, 326.
62222202 (20210212 de), 7. 32 2.
62222022, altare, 7. 293. V. 62202202,
60, 211222, p. 293.- Ecclesia, p. 228,.67.
6002222 (0001221260),7. 228, 322, 326.
6002222222, p. 80, 262. ’
600022122112 6000222222, 21112, 7. 225, 215.
60020, 10002, p. 222, 262, 293.
60222222022222, 7. 80, 259, 262.

60222202, 20722 fluv. Abbuusunuuuu, 10 pugo
Τ220200021, p. 65.

60222022222022 2122 6022202022, villu 12 pugo
1100000021, p. 6ο, 62, 97, 296.

6020222222 (0001221210), p. 225, 263, 329,
320, 322,-6002206102 00010212, 7. 360.

6002 2662011022,100222, p. 226.

 

