· INDEX 66666616

ψ-

Α

,1666644 114666, 6666441116, p. 446, 434, 451, 11666661114666, 16 pago Rotomagensi, 4166666-

458. 646νί116,6.444, 466, 451, 464.
46666466, numus, 4666644, 461666, 6466 414641111.6.41666661161.

6661666161, p. 443, 435, 437, 444, 454. 46666664 Vm, 4461466111616 1114676, 6. 463.
116666,461661,6. 457. Amnum, 1166464666, 46666116, 6464 de
11646 116664, 1161646466, pr& de 6664664661, 616666, p. 464, 446.

6.445,458,461. 1166646, 1166466, p. 444, 434, 448, 464,
Ama ou 116416, 16 Longa viu· prope Verno· 463.

6616, 86161-Ρ16646·41’461114, 6. 436, 434. 46666646 castellum, 61161666 41466664, ou
44464464 Vm, 16 pago caletensi, 0466641116, 616161 Arques, p. 464.
, p· 436, 437, 439, 446. 466644, 06, 66, p. 416, 468, 444, 447. 444,
Auem, 4661646666. 436. 457, 463.
4666461666, in 6666 caletensi, 1166166666-

11116661 86666, Pe 436, 446.

Β

. 6666666664, 6. 464. 66644666, 61641116, depuis Blossevisse. 1

66666616, 6646666, p. 465, 467, 468, 466. 66666, p. 435,436, 446, 443, 456, 467, ι

6666644666, 66411116, 66 Franco, 6. 467. 448, .

666 (del), le 6616 pres 66466461, 6. 446,· 66666,6666464661,66641641116,64646611166-
464. ville, p. 456.

, - 66661616(16466416),666661461666,6.465. 6666411666 66466664, Βοὴ-11146666, entre

6666666, 6166666644, 6666666446, 6616661, 6666616167, 6. 466.

sous 1141466161, 6. 466, 468. 6666666666, 16 1161666641 pago, 6466141116,
“ 6666666646, 66611666 (tle), 6666466441, (116646666661664, 6. 444,

p. 446,463,464. 6646666666,661666666,6. 466. .-
6666666666661616, 6. 465. ’ 66466666, 64616666 66 64166666, 434. -
66664616, 66466161, ,6. 432. 666666 (la), la 6667646, canton 416 Monti-
666644, 666641,6. 456. , 1411116666. 456.

3116711441 numum, Biville,p. 435· 666644161416666, 6464 66 666117, 6. 454.
6464, Bm, 16 pugo 6646166661, 6161, 6444416 66461 Vm, 6664641116, p. 449.

1164666, 6. 446, 446, 446, 456. ⁸ 666661, 6617, 6444 de 6661666161, 6. 444.

666666,61646,6644 (16166666, p. 467. Ι 64664,6464. V. 664. . ·

ὅ 64.

 

