480

1101111101, comes 40 00, 411011111110011
willelmi, p. 416, 444, 463.

1101111οτ01 40 41111οο 1110 11111110, 0. 437,

1101111111 40 81100110, 0468, 469.

10111110411110111, 0. 464.

1101110101400110110010014, 40 Caureoli Curte,
0451468.

1101110101ἀο [1110110141.11111, p. 467.

1101110101 40 Ρο100 Mortui), p. 431, 456.

1101110101, [ilius 41111141, 0. 464.

1101010101, lilius clarembaldi, p. 456.

Romilius, lilius Gemagois et 4111010411,

Bulsinius, 111101 (11111410. 466.

1101110101, filius Guimar, 0. 455.

1101111101, 111101 11οο111, 0448.

1101110101, lilius Hugonis 40 111010011111,
p· 438, 439.

1101010101, lilius 10101100, 0001111110 4100,

p. 457.

· 8410110. V. Ausonius.

8410110 1104011οε, p. 440.

8411101 (1111001401 40), p. 447.

84101101, 01101 11000111, p. 415.

84101104, 1011101001, 0. 437.

8411010 1111111110 (1111011401 40), p. 416.

8411010 ,1400110 (Ε100110140), p. 456,

8111010 841110 100 841110 (110011001 40),
p. 444, 445.

841111111, 0. 434.

80441100 (1111101010140),0. 441.

11111411 (1110101101, 0. 431.
1411104404111101, p. 464.

1411110111 110010. 451. ’

1111001111, 1000141101, 0. 465.

11110, 0110100101 8011111110, p. 454.
1104111110, p. 454. ’
111101001011001141001, p. 453.

1111111111, 000011101110141, 0111140111, 0. 461.
111111 Warengarius, p. 430.

10110011 (wigerius 40) , p. 458.
10111114000,1100001001ΑΒ11001400111,0.413,

1111411100 (willelmus), p. 434.

11011 1100141440,

1100111111, illitis 11040111 40 8110014 et 440-
40111401111111101 11000111 40 1101011111, p« 466.
, 1101111101, lilius 1100011140 Bello Monte,

1101111101, filius Rogerii 40 Μο10110100,

1101011111, 1110111140011, p. 443.

1101010101, lilius Willelmi del Dic 04 Albe·
1040, p. 443.

1101110101, 111101 30101141, 0. 461.

11011111014011010110001, 0. 453.

1101110101 11010011, 0. 464.

1101114101, 011401, p. 451.

1101111101401111100101, p. 448, 449.

1101110101 Μ1101100, 0. 464. ”

1101110111, 101 Francorum, p. 413.

1101110101, 111401, 0. 458.

1101111111, 0. 441.

1101111401, 111401 willelmi, p. 41.

8000111 (111110101οι 40), 0. 465, 468.
spuma, pater lingonis, p. 457.
8111011014 (Roget-ius 40), 0. 465.
8111111114 (11000 40), p. 455.

811101, 111401 11101141, 0. 454, 455.
81111101, 0. 436.

8011041101, 0. 439.

80111111 (10110140), 0001100 1010014, p. 453.
8111111114 (111100140140), 0. 458.
8110411011 40 Μο10400, 0. 416.

80141114, 0101 1101110141 8011100οἰ, p. 460.

101001111101, 01101 lingonis 01 (10111141,
1011144411 40 (1011011041 Villa, p. 457.
1011111111, 01401 (1140110141, 0. 415.
10101001, 0. 410.

10401001, camerarius 0010111110 (10000111,
1011041141 40 1111000141 p. 4410446, 447, 440.
10001011, filiun osberni 40 1101010001,
1011014111, hostiarius, p. 441.

10001001, 0110111040141,0. 436.

10101001, 01401 11000111, 0. 453.

 

