INDEX NOMINUM.

8440044 (81044104 (14), p. 464.

8440444444, 9. 465, 466.

8444444444 64004444044145114441144, p. 465 ,
466.

84444444 (Ausgerus (14), p. 468.

84444444 (8015444444 (14), 9. 468, 469.

84444444 (80944144 (14), p. 465.

84444444 (Willeimus (14) , p. 467, 468, 469.

8444444, 14114 60441101, vicecomitis 4401444444,
monialis Sancti Amandi, p. 460.

8444444, uxor Roduisi de Warenna, p. 436.

8444444, uxor 80454441, comitis deOu,p. 446.

840 (6011144644 (141), 9. 433, 440, 446, 454.

840 (flodulfus (141), p. 464.

844444044 (8414014144 (14), p. 468.

8444440444 (Hugo (14), p. 468.

84444044 (80844404 (14), 9. 464.

8444040444 (Roget-ius (14) , p. 463,

8440444444 (14 6144444, p. 456. '

8444440444 (14 1144141, p. 469.

8444040404, [ilius 8141401449. 469.

, 8444444444, uxor 8840101 de Pormort, p. 457,

458.

8444444404 (184404, p. 446.

8444444444, filius willelmi Calvi (44141144,

. 465.

8411444444, 9. 436.

844444 (81444104 (14) , 9. 450.

8444440444, 9. 454.

8444444044, cocus, p. 435, 446, 449, 454,
454, 457, 458, 460,·466, 468.

8444444404, 111448044411, p. 464.

6444404 444444444404, p. 443.

644444 (8441401014), p. 466, 467.

644044 (140 (14) ,9. 467.

6444 (Wiilelmus (14), p. 464.

644444 (Heldo (14). V. 84400.

644044 (liudulfus de), p. 444. v

64444444 (811114144444), 9. 449.

64444044 64444 (80844444 (14), 9. 453, 468.

6444444444 ( warulfus (14), 9. 448, 449.

644444440444 ( 80644444 (14). V. 64444044
64444.

6144443 (8440411444 (14), p. 456.

Β

8444444044, 611448444411,9 464.

“ 844444444111144114441441, 9. 446, 464.

8444444444, silius Odini, p. 454.

8444444404, forestarius, p. 434, 446, 447.
449, 454.

84444444 (0454440414), 9. 434.

84444404, uxor Germundi de Sancti Petri
Ponte, p. 454.

8444444444. V. 8044444444.

8444 (84444414εά44 (14), 9. 449.

844440 (Ρ14111990444), 9. 467·

8400, pater 1444601, p. 445.

84044444 (4114441404 (14), 9. 440.

84044444 (1104144644 (14), 9. 456.

84044444 (81444144 (14), 9. 443.

0

Ἰ84044444 (84601104 (14), 9. 464.

Bonas (Osmundus (14), p. 454.

8044444 (04144144 (19), 9. 469.

84404444 (Vido (14), 9. 438.

844440, 8414014104, 9443.

844444 (4144448041414). V. 4444444404.

8444004440 04444404, 9. 439, 440, 444,
446, 447, 450, 454, 454, 460, 464.

800444,114444444, 9. 467.

844444444 (81444104 (14) , p. 449.

8040444444 (81444144 (14) , 9. 449.

844004, 6141464404. V. 6444444404.

80440480401144, p. 434.

8044444444 11490, 9. 434.
8040 (6011144144 (141). V. 840.
804444 (80944144 (14), p. 444.

644444444004, frater 84410111, 9. 456.

60444, 6110484411, p. 464. ’

6040444 (80101144 (14), 9. 464. ,

60444444 (80(141104 (1414), 9. 465.

60440440, 9. 444, 458, 459.

64000, 9. 454.

64000, filius Erchembuidi, vicecomitis, p. 444,
445,·446, 450, 464.

6444444404, 6141454844, p. 464.

6404444444 (8044114414), p. 436.

644444444444 (114194414414), 9.·456.

 

