578

D

INDEX GENERALIS.

monemus, abbas sithiensis monasterii, Nan· 6661666166, prepositus 1662112666 62 ’162226-

2112211666666662, 55, 56, 57.
626626166212612, locus, p. 86, 262, 165.
6266666262 111, rex, 61122 6161321161ῑὶ 111,

9. 62, 62, 66.

6221662662,16666, 9. 126.

Dum, 21112, p. ¹75·

6212666, episeopus, p. 162.

1122622266, 962266, 9. 125.

112226,(161“116126 6166261266, ‘famenna civitatis

9126661, Wicfn'di 6226666662, 9. 153.

62116, 6612216126 11611666, 9. 337.
11262666 8126166612,9. 153.

’ “ 6666622 6112212121, p. 366.

6622666162, Mutinensis 691266966, p. 365,
366, 316, 353, 361, 367, 369.

Ε

666212 6166131266666, 9. 335.

612612, 66116216 pago Τ2262661161,9. 115.

S. 61621211, 6121229616 Christi, 121662626τί626,
9. 55, 56, 126.

6166626616612622, 16662 16 pago 6666662121,

. 111.

11212, 16666, p. 6ο.

61166166966962, 9. 26,

1161266211, 16666, 9. 356.

66666, Τ226266621616 9121261, p. 166, 192,
293,196,266.

116066, 3266666666 archidiaconus, p. 227.

66626, vir illuster, p. 31.

66622626666, 1661261666 0612221211, 9. 26, 61126666, 621166, 9. 187.

21.

6226666626611, p. 86, 162.

66661666, 9269621262, 9. 63.

66626621 6611691622 6266261661 61612161621116·
6661, 9. 178.

6626611, locus 16 pugo bononensi, p. 71.

666116, 16662, p. 326, 321.

66666126,1ο666, p. 98.

666662, 612166661122121161661, quae 62 6622212
dicitur, p. 322.

6616661166 (66616212 de), p. 326.

66112612, 1161166 16 pugn 6666622621. V. 066·
1261221612.

6661666 2116 6262666, 162, 9. 165.

6662126161 6696112, 16 Τ216611116621 9621661116,
232, 233, 259, 261, 267,322,326,326.

6211666222 66111112, 6662622162 willelmi (16
6111611962, 9. 376.

66612662. V. 3262261122.

62616612, 21112, 9. 295.

6161211622, 166112, 267.

62166616, 6262 6216616162121, 66611212 61211-
311662211112212 6266226111 8121216, p. 166.

S. 621621 1266676122 1266622626, p. 265.

6662, fluvius 16 pago 666666661, p. 213.

626666, 16662, 9. 339. V. 61266.

6266, 16666, p. 266. “

6662666, 16662, p. 266.

6226622616662, p. 166.

6122612666, 16666, 9. 158.

62266262 , 16662 , p. 167.

6666662266, (16661262, 9. 177.

6666226666, monasterii 3126166616 9169621266,
p. 265.

612222, 16662, 9. 368.

666621, fluv. p. 159.

smmum 1611262212 2161912, 8121666212 211
batis, 269. - 11666121 62166616, 1166211122
comitis, 11116 ,

666626262662, vir illuster, p. 31.

6666662666, 166261, p. 39.

6626666666, 3126166616 91162, 9. 326.

66266626666, Sancti 3621616221 6266211662,
pontifex 616211166ιὶ6 6166266, 9. 265.

6626626666 6116 nanneno. 2111126 6266222626
sithiu, 2226666262 6216121211, p. 111, 62, 63,
66, 65, 66, 67. - Τ6166666661266616616
6661162266 episcopus, p. 63, 69, 52, 5²:

6226262662, abbas monasterii sithiu, p. 39,
6ο, 61.

6122111666161116161, p. 31.

6626666266, 3166266662 2111122, 9. 276

6662226662, 621611 Simplicis 16916 1112262,
,236

6616226666, genitrix 2222621 66192661, Τ2262-
666616 69126691, p. 161.

 

