578 INDEX GENERALIS.

811111, 11111119. 69.

8111101, 8911101111111 111611, 9. 117. - 81-
thiensis 1101101101, 8091101011111 abhas,
816161101111 1911009111, 9. 178, 307, 308,
318, 311, 311, 313.

8111111001, vir inclytus, p. 18.- Vir illuster,
7119, 30,31.

S. 8111101 11011111110111, 9. 110.

8111011101, 1911009019. 16.

81111110, 11 pago Τ110111111, p. 18.

8110111001, 001111161111118, p. 111, 158.

8110111101, Petri Leonis 61101, 9191 eiectus,
9.301,301.

81101111, civitas, p 356.

8111111101 9191 IV, p. 316.

810111110111111, 9. 111.

81011001, p. 59.

8111111, 111111 11 811116111011 1911009110,
9.117,161,319.

8101011101,1111· illuster, p. 31.

81011, p. 138.

811111, 9. 197, 168, 305, 316, 335.

8111111111, 10011, p. 160.

S. 811111101, 11015011911111191100901,9. 33.

81111101, 61110110116111011181100101, p. 115.

81111101, 611111111οώ 1061910111, 9. 166,
168,178.

8111101101, qui et 60011011001, 1111111111-
111, 9. 361.

8111101101,81911“01, de 810010 818011110,

.359.

8151111ου11, 11911 fluuio 11111, 11 pugo Νο-
110111111, p. 60.

6. 81111101111111001, p. 115.

80011, 001111, 9. 360.

8001111 (ecolesinae), p. 115, 118, 113, 311,
316.

8001010101, p. 181, 307. V. 8000101111111
118100111011.

8001111111911111111, 9. 86, 111.

800111111, p. 89, 91.

81101,10011, p. 159.

811011, 11111, 9. 67. V. 81111.

8111,1101111011111, 9161, 160,157, 197,
367.

81110011, 9. 80, 161.

81110, 81100111, 00111101, p. 183. ,

81111,11111,9.17,166, 150,183, 186, 185,
186,103,106,105,115,111,135,156,
161,175, 193, 336, 360, 316.

81111(0001111181),9.118,163,311,315.

81111, 3. 1111111117. 305.

811101001110101818181, 9. 158.

81101001, 111611 1101111111 3. 11111111 Gon-
81110,9.186.

81101001, 01901 cudi 1111111111, 11108111
00111111, 9. 198, 199. ’

81101001, 1111111 8611911111 in 8111111111,
9. 331.

81101101,11011181100011, 9. 196, 105.

81101101 magnus, 81118111 001111 111111110,
16611 sithiensis, 61111 8118010161111, maa·
811100111111,9.161,161,163,166,167,
168, 169, 150, 151, 153, 306.

811011101οι81111, p. 31 ι’, 316. y

811011101111, filiu· 81180101 Montensis,
thdr'n 0011111, 9. 197. Ι

8111011101, 11011811001111811011111119115,
137,166. ,

8110111101, 9109011101 10011111 8. 8111111 11
3. 81801111, 9. 138, 161.

81101101, (1111111111 000111, 9. 331.

81111111,11111, p. 113.

81111111, 9. 171.

8101011, 1118111111119111111 131801101,
9. 19, 65. 1

811111,οἀ11,100111111 111011 8181111 19911,
811, p. 178.

810011, villa, p. 99.1111011191ἱ110111,9. 368.

811111. V. 80111.

8100111011, 1111 8000111011, 11111, p. 116,
368. -Ρ111001111, 9. 369, 370. V. 80001-
011111111180011011101011.

8111111811, p. 159.

8111111011111111111, p. 18.

8111111011, 610111 11911119. 17, 18.

8π111111,0111111, 9. 113,133, 168, 166,
177,181.

8111111111111ωο11111, p. 176, 177, 311.

8001011101 sive 80011111, 10111111, p. 111,

. ¹ 115, 163.

8000111101, episcopus, p. 16.

S. 8000111 monasterium 8016011191, 9. 305.

8000111101,0111111911111. Ρ10108. 9. 1. -
1111101, 9. 17. - 8901106011 111, p. 18.
- Ρ1111, 9.18.-Ε911009111,9. 19, 16.
-81101011111110011111191100911, 11011
801110 8111110 privilegium 1081111111,
911, 13.-8]1111119111, p. 168.

3. 80001111 0111111111, p 137. -01111011,
9. 366. -11111, 9. 187, 315, 393, 353. -··
6111111, 9. 185, 155.

 

